Reac
Unimol
TLIST
8
298 300 400 500 600 800 1000 1500
Scale 0.99

Mol 1
Nonlinear
Geom FILE gs.log
FREQ
30
  118.3452               248.0569               257.7802
  282.6209               343.7629               421.4870
  527.2576               669.2926               804.2065
  933.0916              1002.5249              1022.1192
 1081.0731              1133.6206              1204.9567
 1248.5200              1348.2990              1363.3066
 1379.1705              1414.2279              1421.0141
 1490.7851              1501.1506              2896.0394
 2932.8196              2953.3148              3025.1886
 3081.9199              3118.1281              3832.3933

ENERGY FILE gs.log CBS-QB3
EXTSYM 1
NELEC 2
ROTORS 0

Mol 2
Nonlinear
Geom FILE ts.log
!Forcec FILE ts.log
Freq
30
 -2104.7581               103.8384               235.1677
   318.1923               455.0300               608.9760
   698.4060               748.7329               882.5131
   916.9470               998.6145              1048.8778
  1108.2510              1134.6521              1173.8945
  1186.4058              1212.2872              1256.1317
  1291.4503              1404.9184              1444.2611
  1480.4373              1499.2911              1991.2650
  2868.3379              2900.4756              3018.6044
  3030.1487              3098.0503              3112.1327

ENERGY FILE ts.log CBS-QB3
EXTSYM 1
NELEC 2
ROTORS 0
