Reac
Unimol
TLIST
8
298 300 400 500 600 800 1000 1500
Scale 0.99

Mol 1
Nonlinear
Geom FILE i-1-OH-gs.log
!Forcec FILE i-1-OH-gs.log
FREQ
129
  14.6289                23.0384                25.7549
  39.6963                61.7111                68.8176
  74.5393               101.8534               110.1797
 118.8274               129.8973               141.1705
 146.2257               151.2503               170.3435
 173.6804               202.8900               239.1287
 244.3195               252.9801               290.4690
 320.4642               382.6571               387.7459
 449.4744               464.5421               496.8320
 512.0117               524.3180               738.1708
 738.6301               740.5851               747.0787
 763.7904               793.6346               834.6620
 844.3320               882.2805               900.2635
 928.8163               963.4365               988.0216
 994.1218              1000.9829              1016.1469
1026.4258              1032.8352              1048.8530
1052.1473              1060.9712              1072.8323
1075.5484              1077.2630              1078.2103
1081.6563              1093.1067              1129.8608
1141.7039              1162.5237              1189.3278
1200.5428              1213.8895              1223.9337
1237.0915              1244.4750              1250.1531
1257.1454              1274.6536              1280.4399
1301.4413              1302.1542              1309.9842
1314.4807              1319.9210              1322.9022
1328.8699              1329.5602              1329.9535
1356.1489              1377.9838              1393.2542
1398.5461              1401.3286              1402.5413
1403.8583              1427.7368              1456.8179
1457.0694              1458.9906              1460.2716
1461.4397              1462.8364              1465.6425
1469.6491              1471.3947              1477.2977
1482.5433              1486.6844              1489.2854
1491.5853              2826.1159              2971.2186
2992.6462              2993.2806              2994.4459
2995.7350              2997.6603              2998.3374
3001.2111              3004.2482              3007.7693
3010.2104              3014.1865              3015.0571
3017.2200              3018.4296              3020.6727
3020.7735              3022.3910              3028.3770
3036.7488              3045.0691              3052.4674
3058.5355              3062.3877              3086.5858
3089.3403              3095.7388              3791.5773

ENERGY FILE i-1-OH-gs.log ub3lyp !-701.3704234
EXTSYM 1
NELEC 2
ROTORS 0

Mol 2
Nonlinear
Geom FILE i-1-OH-6.log
!Forcec FILE i-1-OH-6.log
Freq
129
-1235.7330                17.6009                26.3724
  34.0198                45.4255                55.1224
  78.7595                86.7497               109.1200
 126.8750               138.9249               148.7983
 166.9219               171.4697               179.0026
 195.0203               238.9351               253.3126
 293.3109               297.0307               312.3141
 356.7694               402.5134               444.8683
 483.9749               496.5430               512.6443
 520.3638               593.9997               700.1793
 736.7256               739.1015               741.9324
 758.9574               783.7368               812.3371
 837.7847               875.7702               897.5671
 900.4314               917.2125               939.3360
 968.8994               981.6868               998.6243
1007.6072              1022.1002              1034.4573
1045.5967              1059.9289              1067.1406
1076.6349              1077.0372              1079.1003
1087.2036              1097.4388              1114.0073
1139.7437              1149.3335              1194.2229
1197.0916              1206.8707              1219.3402
1226.1430              1237.1056              1249.5661
1257.8379              1275.9190              1287.4450
1294.8500              1303.5993              1312.6844
1317.2406              1319.7111              1326.7979
1328.8769              1329.5238              1346.2491
1351.7800              1368.3255              1376.4415
1386.5602              1398.0275              1398.7883
1403.5957              1403.7523              1423.6050
1442.2943              1448.3294              1457.7567
1457.9791              1461.4592              1462.4570
1464.0605              1469.2057              1469.7595
1476.8720              1478.9584              1483.5450
1488.3538              1551.3952              2934.2388
2965.9234              2983.6872              2993.5033
2994.3540              2996.6171              2997.7300
2998.0330              3003.5680              3008.2113
3010.6383              3014.9623              3017.5600
3020.8630              3022.6518              3025.6718
3034.1518              3034.5847              3041.5462
3044.9747              3053.4606              3057.8500
3062.2183              3068.7641              3089.5117
3089.6855              3096.2070              3707.6174

ENERGY FILE i-1-OH-6.log ub3lyp !-701.36355
EXTSYM 1
NELEC 2
ROTORS 0
